t,ns,marker_id,track_id,boresight_deg,angle_in_frame_deg,gimbal_yaw_deg,corrected_yaw_deg,yaw_correction_valid,yaw_sigma_deg,angle_error_deg,miss_distance_m,range_m
1786971774.583,,0,,,,-89.270,-88.370,True,0.944,141.353,123.87,198.34
1786971774.883,,0,,,,-89.530,-88.665,True,0.936,141.532,123.30,198.21
1786971775.008,,0,,,,-89.590,-88.734,True,0.934,141.524,123.27,198.13
1786971775.483,,0,,,,-90.050,-89.257,True,0.921,141.876,122.17,197.89
1786971775.933,,0,,,,-89.440,-88.563,True,0.939,141.626,122.71,197.66
1786971777.283,,0,,,,-90.550,-89.826,True,0.906,142.231,120.65,196.99
1786971779.933,,0,,,,-89.020,-88.085,True,0.951,142.261,119.76,195.67
1786971780.483,,0,,,,-89.000,-88.062,True,0.952,144.796,112.65,195.41
1786971790.808,,0,,,,-90.470,-89.735,True,0.908,135.546,134.06,191.42
1786971801.208,,0,,,,-89.370,-88.483,True,0.941,153.106,85.01,187.93
1786971801.308,,0,,,,-88.810,-87.846,True,0.957,153.520,83.77,187.88
1786971804.083,,0,,,,-91.390,-90.782,True,0.881,154.666,80.05,187.08
1786971805.608,,0,,,,-91.100,-90.452,True,0.890,155.825,76.41,186.59
1786971810.533,,0,,,,-91.730,-91.169,True,0.871,155.588,76.36,184.75
1786971811.433,,0,,,,-90.690,-89.985,True,0.902,156.317,74.05,184.36
1786971811.758,,0,,,,-91.250,-90.623,True,0.885,156.798,72.58,184.23
1786971811.908,,0,,,,-90.920,-90.247,True,0.895,157.091,71.69,184.16
1786971812.033,,0,,,,-90.370,-89.621,True,0.911,157.022,71.88,184.12
1786971812.133,,0,,,,-81.640,-79.686,True,0.755,156.484,73.45,184.08
1786971812.208,,0,,,,-76.640,-73.995,True,0.562,152.854,83.98,184.06
1786971812.283,,0,,,,-68.560,-64.780,True,0.762,144.887,105.86,184.04
1786971812.383,,0,,,,-67.020,-62.957,True,0.717,137.363,124.63,184.00
1786971812.883,,0,,,,-66.540,-62.389,True,0.702,137.318,124.59,183.78
1786971814.983,,0,,,,-16.450,-20.344,True,0.600,73.037,174.97,182.93
1786971815.108,,0,,,,-16.270,-20.200,True,0.605,73.305,175.18,182.89
1786971815.183,,0,,,,-16.030,-20.008,True,0.613,73.538,175.36,182.86
1786971815.233,,0,,,,-15.860,-19.872,True,0.618,73.652,175.44,182.83
1786971815.408,,0,,,,-15.420,-19.521,True,0.632,74.067,175.74,182.76
1786971815.633,,0,,,,-6.640,-11.537,True,0.596,73.589,175.23,182.67
1786971815.783,,0,,,,16.890,15.840,True,0.465,63.142,162.91,182.61
1786971815.908,,0,,,,24.530,24.778,True,0.660,43.382,125.39,182.55
1786971816.158,,0,,,,25.590,25.940,True,0.696,36.596,108.79,182.48
1786971816.358,,0,,,,25.840,26.214,True,0.704,36.377,108.18,182.40
1786971817.933,,0,,,,-2.790,-7.609,True,0.451,97.307,180.36,181.84
1786971818.108,,0,,,,-3.580,-8.415,True,0.479,98.137,179.95,181.78
1786971818.208,,0,,,,-3.880,-8.721,True,0.490,98.271,179.86,181.75
1786971818.358,,0,,,,-4.190,-9.037,True,0.502,98.615,179.65,181.70
1786971820.583,,0,,,,-3.720,-8.558,True,0.484,83.220,179.63,180.90
1786971820.683,,0,,,,-4.560,-9.415,True,0.515,83.319,179.63,180.86
1786971820.783,,0,,,,-6.570,-11.466,True,0.593,84.716,180.06,180.83
1786971820.933,,0,,,,-7.620,-12.537,True,0.636,86.554,180.46,180.79
1786971821.083,,0,,,,-8.200,-13.129,True,0.659,86.990,180.51,180.76
1786971821.183,,0,,,,-8.460,-13.394,True,0.670,87.238,180.51,180.72
1786971821.308,,0,,,,-8.570,-13.506,True,0.674,87.266,180.48,180.68
1786971821.483,,0,,,,-8.740,-13.680,True,0.681,88.158,180.52,180.62
1786971821.633,,0,,,,-8.960,-13.904,True,0.690,83.146,179.29,180.58
1786971821.783,,0,,,,-8.980,-13.925,True,0.691,82.590,179.02,180.53
1786971821.908,,0,,,,-8.890,-13.833,True,0.688,81.983,178.73,180.49
1786971822.033,,0,,,,-8.940,-13.884,True,0.690,82.077,178.73,180.45
1786971822.133,,0,,,,-9.080,-14.027,True,0.695,81.744,178.54,180.41
1786971822.233,,0,,,,-9.270,-14.221,True,0.703,81.588,178.44,180.38
1786971822.433,,0,,,,-9.590,-14.547,True,0.717,81.527,178.35,180.32
1786971822.583,,0,,,,-9.140,-14.088,True,0.698,81.470,178.27,180.27
1786971822.758,,0,,,,-7.320,-12.231,True,0.623,80.213,177.62,180.24
1786971822.808,,0,,,,-6.990,-11.894,True,0.610,79.148,176.99,180.21
1786971822.883,,0,,,,-6.560,-11.456,True,0.593,78.687,176.68,180.19
1786971823.008,,0,,,,-6.010,-10.894,True,0.571,78.344,176.44,180.16
1786971823.108,,0,,,,-0.060,-4.485,True,0.422,78.046,176.22,180.12
1786971823.308,,0,,,,8.530,6.240,True,0.505,67.537,166.41,180.07
1786971823.433,,0,,,,8.960,6.730,True,0.499,64.418,162.37,180.01
1786971823.608,,0,,,,9.410,7.242,True,0.494,67.016,165.68,179.96
1786971823.733,,0,,,,31.720,32.658,True,0.905,63.622,161.19,179.93
1786971823.933,,0,,,,34.480,35.378,True,0.912,42.273,120.99,179.87
1786971824.108,,0,,,,35.060,35.932,True,0.909,57.936,152.38,179.81
1786971824.208,,0,,,,37.690,38.442,True,0.892,55.470,148.11,179.78
1786971824.283,,0,,,,38.750,39.454,True,0.885,53.059,143.67,179.75
1786971827.783,,0,,,,82.880,82.880,False,nan,-4.220,13.16,178.88
1786971830.832,,0,,,,83.860,83.860,False,nan,11.687,36.10,178.24
1786971831.007,,0,,,,84.280,84.280,False,nan,11.617,35.89,178.21
1786971831.382,,0,,,,86.280,86.280,False,nan,12.230,37.74,178.14
1786971831.532,,0,,,,87.190,87.190,False,nan,12.739,39.28,178.13
1786971831.632,,0,,,,87.190,87.190,False,nan,13.328,41.06,178.12
1786971834.632,,0,,,,84.350,84.350,False,nan,-10.145,31.29,177.62
1786971834.682,,0,,,,84.550,84.550,False,nan,-9.896,30.52,177.61
1786971834.832,,0,,,,85.180,85.180,False,nan,-9.582,29.56,177.60
1786971834.932,,0,,,,85.740,85.740,False,nan,-9.342,28.83,177.58
1786971834.982,,0,,,,86.030,86.030,False,nan,-9.143,28.21,177.57
1786971835.207,,0,,,,86.390,86.390,False,nan,-9.055,27.94,177.54
1786971835.332,,0,,,,86.260,86.260,False,nan,-8.740,26.97,177.51
1786971835.432,,0,,,,86.100,86.100,False,nan,-8.793,27.13,177.49
1786971835.532,,0,,,,85.950,85.950,False,nan,-8.646,26.68,177.48
1786971835.707,,0,,,,86.030,86.030,False,nan,-7.765,23.98,177.46
1786971835.907,,0,,,,86.460,86.460,False,nan,-7.854,24.25,177.44
1786971836.082,,0,,,,86.720,86.720,False,nan,-7.238,22.36,177.42
1786971836.182,,0,,,,86.650,86.650,False,nan,-7.853,24.24,177.42
1786971836.282,,0,,,,86.380,86.380,False,nan,-8.209,25.33,177.40
1786971836.407,,0,,,,85.990,85.990,False,nan,-8.369,25.82,177.39
1786971836.532,,0,,,,85.420,85.420,False,nan,-8.384,25.86,177.38
1786971836.632,,0,,,,84.720,84.720,False,nan,-8.411,25.94,177.37
1786971836.707,,0,,,,84.390,84.390,False,nan,-8.407,25.93,177.36
1786971836.807,,0,,,,83.870,83.870,False,nan,-8.671,26.74,177.35
1786971836.982,,0,,,,83.270,83.270,False,nan,-9.458,29.14,177.32
1786971837.157,,0,,,,83.190,83.190,False,nan,-10.033,30.89,177.30
1786971837.332,,0,,,,83.200,83.200,False,nan,-10.995,33.81,177.27
1786971837.557,,0,,,,83.420,83.420,False,nan,-11.681,35.88,177.24
1786971837.657,,0,,,,83.650,83.650,False,nan,-11.599,35.63,177.22
1786971837.782,,0,,,,84.020,84.020,False,nan,-11.785,36.19,177.20
1786971838.082,,0,,,,84.770,84.770,False,nan,-10.891,33.47,177.15
1786971838.182,,0,,,,84.980,84.980,False,nan,-10.403,31.98,177.13
1786971838.282,,0,,,,85.170,85.170,False,nan,-10.207,31.38,177.10
1786971838.482,,0,,,,85.420,85.420,False,nan,-9.609,29.56,177.07
1786971838.582,,0,,,,85.350,85.350,False,nan,-9.691,29.81,177.05
1786971838.832,,0,,,,84.790,84.790,False,nan,-9.636,29.63,177.01
1786971839.157,,0,,,,84.020,84.020,False,nan,-9.544,29.34,176.97
1786971839.182,,0,,,,83.910,83.910,False,nan,-9.592,29.49,176.96
1786971839.282,,0,,,,83.770,83.770,False,nan,-9.656,29.68,176.95
1786971839.382,,0,,,,83.730,83.730,False,nan,-9.484,29.15,176.93
1786971839.582,,0,,,,83.810,83.810,False,nan,-9.896,30.40,176.91
1786971839.682,,0,,,,83.900,83.900,False,nan,-10.187,31.28,176.89
1786971839.907,,0,,,,84.300,84.300,False,nan,-10.394,31.91,176.85
1786971840.082,,0,,,,84.690,84.690,False,nan,-10.378,31.85,176.82
1786971840.282,,0,,,,85.040,85.040,False,nan,-9.946,30.53,176.78
1786971840.457,,0,,,,85.260,85.260,False,nan,-9.943,30.52,176.75
1786971840.582,,0,,,,85.290,85.290,False,nan,-9.775,30.00,176.73
1786971840.732,,0,,,,85.030,85.030,False,nan,-9.755,29.94,176.70
1786971841.007,,0,,,,84.110,84.110,False,nan,-9.770,29.98,176.66
1786971841.032,,0,,,,83.980,83.980,False,nan,-9.860,30.25,176.64
1786971841.232,,0,,,,83.520,83.520,False,nan,-9.891,30.33,176.60
1786971841.432,,0,,,,83.530,83.530,False,nan,-9.987,30.62,176.58
1786971841.607,,0,,,,83.790,83.790,False,nan,-10.187,31.22,176.55
1786971841.732,,0,,,,84.010,84.010,False,nan,-10.409,31.89,176.52
1786971842.007,,0,,,,84.610,84.610,False,nan,-10.200,31.25,176.48
1786971842.132,,0,,,,84.880,84.880,False,nan,-10.294,31.53,176.46
1786971842.232,,0,,,,84.970,84.970,False,nan,-9.963,30.53,176.44
1786971842.332,,0,,,,85.060,85.060,False,nan,-9.848,30.18,176.42
1786971842.507,,0,,,,85.030,85.030,False,nan,-9.743,29.85,176.40
1786971842.607,,0,,,,84.930,84.930,False,nan,-9.103,27.90,176.37
1786971842.732,,0,,,,84.630,84.630,False,nan,-9.058,27.76,176.34
1786971842.932,,0,,,,84.390,84.390,False,nan,-9.093,27.86,176.31
1786971843.132,,0,,,,84.330,84.330,False,nan,-9.227,28.27,176.28
1786971843.282,,0,,,,84.300,84.300,False,nan,-9.389,28.75,176.25
1786971843.407,,0,,,,84.330,84.330,False,nan,-9.546,29.23,176.23
1786971843.607,,0,,,,84.550,84.550,False,nan,-9.599,29.38,176.20
1786971843.632,,0,,,,84.650,84.650,False,nan,-9.683,29.63,176.18
1786971843.807,,0,,,,85.130,85.130,False,nan,-9.562,29.26,176.16
1786971843.882,,0,,,,85.280,85.280,False,nan,-9.623,29.44,176.14
1786971844.032,,0,,,,85.680,85.680,False,nan,-9.535,29.17,176.12
1786971844.157,,0,,,,85.770,85.770,False,nan,-9.456,28.93,176.10
1786971844.332,,0,,,,85.710,85.710,False,nan,-9.119,27.90,176.07
1786971844.432,,0,,,,85.730,85.730,False,nan,-8.820,26.99,176.06
1786971844.582,,0,,,,85.500,85.500,False,nan,-8.551,26.17,176.03
1786971844.782,,0,,,,85.010,85.010,False,nan,-8.498,26.01,175.99
1786971844.932,,0,,,,84.630,84.630,False,nan,-8.669,26.52,175.96
1786971845.032,,0,,,,84.440,84.440,False,nan,-9.208,28.15,175.94
1786971845.207,,0,,,,84.010,84.010,False,nan,-9.559,29.21,175.92
1786971845.332,,0,,,,83.670,83.670,False,nan,-9.794,29.92,175.89
1786971845.432,,0,,,,83.620,83.620,False,nan,-9.899,30.24,175.88
1786971845.532,,0,,,,83.610,83.610,False,nan,-9.937,30.35,175.86
1786971845.682,,0,,,,83.680,83.680,False,nan,-9.479,28.96,175.84
1786971845.807,,0,,,,83.650,83.650,False,nan,-10.021,30.59,175.81
1786971846.032,,0,,,,83.340,83.340,False,nan,-10.773,32.85,175.76
1786971846.107,,0,,,,83.320,83.320,False,nan,-10.913,33.27,175.73
1786971846.182,,0,,,,83.460,83.460,False,nan,-10.603,32.33,175.71
1786971846.407,,0,,,,84.400,84.400,False,nan,-10.932,33.32,175.68
1786971846.482,,0,,,,84.930,84.930,False,nan,-10.803,32.92,175.65
1786971846.582,,0,,,,85.820,85.820,False,nan,-10.199,31.10,175.64
1786971846.682,,0,,,,86.430,86.430,False,nan,-9.822,29.96,175.62
1786971846.832,,0,,,,87.110,87.110,False,nan,-9.269,28.29,175.60
1786971846.932,,0,,,,87.290,87.290,False,nan,-8.516,26.00,175.58
1786971847.082,,0,,,,87.250,87.250,False,nan,-7.976,24.36,175.58
1786971847.182,,0,,,,87.140,87.140,False,nan,-6.436,19.68,175.56
1786971847.507,,0,,,,86.200,86.200,False,nan,-5.816,17.79,175.55
1786971847.607,,0,,,,86.030,86.030,False,nan,-5.884,17.99,175.54
1786971847.732,,0,,,,85.720,85.720,False,nan,-6.017,18.40,175.52
1786971848.007,,0,,,,85.380,85.380,False,nan,-5.921,18.11,175.51
1786971848.032,,0,,,,85.360,85.360,False,nan,-7.798,23.81,175.51
1786971848.157,,0,,,,85.330,85.330,False,nan,-8.422,25.71,175.50
1786971848.282,,0,,,,85.240,85.240,False,nan,-8.816,26.90,175.49
1786971848.432,,0,,,,85.160,85.160,False,nan,-9.109,27.78,175.47
1786971848.607,,0,,,,85.190,85.190,False,nan,-9.224,28.12,175.45
1786971848.682,,0,,,,85.260,85.260,False,nan,-9.204,28.06,175.44
1786971848.807,,0,,,,85.490,85.490,False,nan,-9.208,28.07,175.43
1786971848.932,,0,,,,85.830,85.830,False,nan,-9.142,27.87,175.42
1786971849.032,,0,,,,86.100,86.100,False,nan,-9.226,28.12,175.41
1786971849.182,,0,,,,86.140,86.140,False,nan,-9.271,28.26,175.40
1786971849.332,,0,,,,85.940,85.940,False,nan,-9.398,28.64,175.39
1786971849.457,,0,,,,85.580,85.580,False,nan,-9.423,28.71,175.39
1786971849.582,,0,,,,85.090,85.090,False,nan,-9.312,28.38,175.38
1786971849.707,,0,,,,84.620,84.620,False,nan,-9.201,28.04,175.37
1786971849.907,,0,,,,83.840,83.840,False,nan,-9.173,27.95,175.35
1786971850.032,,0,,,,83.510,83.510,False,nan,-9.627,29.32,175.33
1786971850.182,,0,,,,83.480,83.480,False,nan,-10.095,30.73,175.31
1786971850.332,,0,,,,83.960,83.960,False,nan,-10.634,32.35,175.30
1786971850.532,,0,,,,84.930,84.930,False,nan,-10.867,33.05,175.29
1786971850.682,,0,,,,85.950,85.950,False,nan,-10.757,32.71,175.28
1786971850.807,,0,,,,86.450,86.450,False,nan,-10.455,31.81,175.28
1786971850.982,,0,,,,86.840,86.840,False,nan,-9.734,29.63,175.28
1786971851.107,,0,,,,86.860,86.860,False,nan,-9.111,27.76,175.27
1786971851.232,,0,,,,86.690,86.690,False,nan,-8.722,26.58,175.27
1786971851.407,,0,,,,86.200,86.200,False,nan,-8.245,25.14,175.27
1786971851.507,,0,,,,85.990,85.990,False,nan,-8.050,24.55,175.27
1786971851.582,,0,,,,85.990,85.990,False,nan,-7.501,22.88,175.27
1786971851.732,,0,,,,85.230,85.230,False,nan,-8.244,25.13,175.26
1786971851.907,,0,,,,84.820,84.820,False,nan,-8.653,26.37,175.26
1786971852.032,,0,,,,84.510,84.510,False,nan,-9.182,27.97,175.25
1786971852.132,,0,,,,84.280,84.280,False,nan,-9.644,29.36,175.25
1786971852.182,,0,,,,84.230,84.230,False,nan,-9.969,30.34,175.25
1786971852.382,,0,,,,84.320,84.320,False,nan,-10.103,30.74,175.25
1786971852.482,,0,,,,84.460,84.460,False,nan,-10.154,30.89,175.23
1786971852.657,,0,,,,84.490,84.490,False,nan,-10.397,31.62,175.23
1786971852.732,,0,,,,84.400,84.400,False,nan,-10.553,32.09,175.22
1786971852.907,,0,,,,83.970,83.970,False,nan,-10.754,32.69,175.20
1786971852.982,,0,,,,83.870,83.870,False,nan,-10.795,32.81,175.19
1786971853.132,,0,,,,83.730,83.730,False,nan,-10.813,32.87,175.18
1786971853.257,,0,,,,83.760,83.760,False,nan,-10.788,32.79,175.18
1786971853.432,,0,,,,83.800,83.800,False,nan,-10.852,32.98,175.17
1786971853.557,,0,,,,83.930,83.930,False,nan,-10.883,33.07,175.16
1786971853.632,,0,,,,84.070,84.070,False,nan,-10.993,33.40,175.16
1786971853.732,,0,,,,84.190,84.190,False,nan,-11.102,33.73,175.16
1786971853.882,,0,,,,84.660,84.660,False,nan,-11.131,33.81,175.15
1786971853.982,,0,,,,84.960,84.960,False,nan,-10.997,33.41,175.15
1786971854.157,,0,,,,85.640,85.640,False,nan,-10.527,32.00,175.14
1786971854.282,,0,,,,85.970,85.970,False,nan,-10.007,30.43,175.14
1786971854.407,,0,,,,86.090,86.090,False,nan,-9.627,29.29,175.14
1786971854.557,,0,,,,86.070,86.070,False,nan,-9.446,28.74,175.13
1786971854.632,,0,,,,85.950,85.950,False,nan,-8.856,26.96,175.13
1786971854.782,,0,,,,85.560,85.560,False,nan,-8.598,26.18,175.12
1786971854.932,,0,,,,85.170,85.170,False,nan,-8.991,27.37,175.12
1786971855.032,,0,,,,84.960,84.960,False,nan,-9.267,28.20,175.12
1786971855.132,,0,,,,84.840,84.840,False,nan,-9.147,27.84,175.12
1786971855.232,,0,,,,84.730,84.730,False,nan,-9.437,28.71,175.12
1786971855.382,,0,,,,84.490,84.490,False,nan,-9.302,28.30,175.11
1786971855.532,,0,,,,84.320,84.320,False,nan,-9.355,28.46,175.11
1786971855.632,,0,,,,84.190,84.190,False,nan,-10.058,30.58,175.11
1786971855.732,,0,,,,84.170,84.170,False,nan,-10.365,31.50,175.10
1786971855.907,,0,,,,84.500,84.500,False,nan,-10.426,31.69,175.10
1786971855.957,,0,,,,84.600,84.600,False,nan,-10.424,31.68,175.10
1786971856.032,,0,,,,84.880,84.880,False,nan,-10.385,31.56,175.10
1786971856.182,,0,,,,85.310,85.310,False,nan,-10.356,31.47,175.10
1786971856.282,,0,,,,85.540,85.540,False,nan,-10.289,31.27,175.09
1786971856.432,,0,,,,85.860,85.860,False,nan,-10.170,30.92,175.10
1786971856.532,,0,,,,85.980,85.980,False,nan,-9.988,30.37,175.10
1786971856.682,,0,,,,86.240,86.240,False,nan,-9.763,29.69,175.11
1786971856.807,,0,,,,86.290,86.290,False,nan,-9.508,28.93,175.12
1786971856.932,,0,,,,86.260,86.260,False,nan,-9.327,28.38,175.12
1786971857.107,,0,,,,86.110,86.110,False,nan,-9.291,28.27,175.12
1786971857.132,,0,,,,85.980,85.980,False,nan,-9.368,28.50,175.12
1786971857.307,,0,,,,85.610,85.610,False,nan,-9.474,28.82,175.12
1786971857.457,,0,,,,85.310,85.310,False,nan,-9.473,28.82,175.12
1786971857.607,,0,,,,85.000,85.000,False,nan,-9.748,29.65,175.12
1786971857.707,,0,,,,84.790,84.790,False,nan,-10.135,30.82,175.12
1786971857.857,,0,,,,84.620,84.620,False,nan,-9.777,29.74,175.11
1786971857.982,,0,,,,84.430,84.430,False,nan,-10.324,31.38,175.11
1786971858.157,,0,,,,84.220,84.220,False,nan,-10.606,32.23,175.11
1786971858.282,,0,,,,84.240,84.240,False,nan,-10.864,33.01,175.11
1786971858.457,,0,,,,84.450,84.450,False,nan,-10.940,33.23,175.11
1786971858.532,,0,,,,84.540,84.540,False,nan,-10.965,33.31,175.11
1786971858.632,,0,,,,84.810,84.810,False,nan,-10.908,33.14,175.12
1786971858.782,,0,,,,85.220,85.220,False,nan,-10.756,32.68,175.12
1786971858.882,,0,,,,85.450,85.450,False,nan,-10.613,32.25,175.13
1786971859.032,,0,,,,85.900,85.900,False,nan,-10.498,31.91,175.14
1786971859.082,,0,,,,86.050,86.050,False,nan,-10.396,31.61,175.14
1786971859.307,,0,,,,86.160,86.160,False,nan,-10.218,31.07,175.15
1786971859.332,,0,,,,86.140,86.140,False,nan,-10.112,30.75,175.16
1786971859.482,,0,,,,86.020,86.020,False,nan,-9.965,30.31,175.17
1786971859.657,,0,,,,85.770,85.770,False,nan,-9.812,29.86,175.19
1786971859.782,,0,,,,85.620,85.620,False,nan,-9.315,28.36,175.20
1786971859.907,,0,,,,85.410,85.410,False,nan,-9.184,27.96,175.20
1786971860.032,,0,,,,85.030,85.030,False,nan,-9.637,29.33,175.21
1786971860.182,,0,,,,84.570,84.570,False,nan,-9.918,30.18,175.21
1786971860.282,,0,,,,84.390,84.390,False,nan,-10.247,31.17,175.22
1786971860.432,,0,,,,84.200,84.200,False,nan,-10.625,32.31,175.22
1786971860.657,,0,,,,84.370,84.370,False,nan,-10.918,33.19,175.22
1786971860.682,,0,,,,84.410,84.410,False,nan,-11.116,33.78,175.23
1786971860.807,,0,,,,84.520,84.520,False,nan,-11.242,34.16,175.23
1786971861.007,,0,,,,84.470,84.470,False,nan,-11.398,34.63,175.24
1786971861.082,,0,,,,84.410,84.410,False,nan,-11.401,34.64,175.25
1786971861.182,,0,,,,84.350,84.350,False,nan,-11.426,34.72,175.25
1786971861.332,,0,,,,84.420,84.420,False,nan,-11.448,34.79,175.26
1786971861.507,,0,,,,84.650,84.650,False,nan,-11.427,34.72,175.27
1786971861.607,,0,,,,84.900,84.900,False,nan,-11.286,34.30,175.28
1786971861.807,,0,,,,85.620,85.620,False,nan,-11.057,33.62,175.30
1786971861.882,,0,,,,86.090,86.090,False,nan,-10.727,32.63,175.32
1786971861.982,,0,,,,86.500,86.500,False,nan,-10.411,31.68,175.33
1786971862.132,,0,,,,86.930,86.930,False,nan,-10.010,30.48,175.35
1786971862.257,,0,,,,87.120,87.120,False,nan,-9.731,29.64,175.37
1786971862.332,,0,,,,87.160,87.160,False,nan,-9.301,28.35,175.39
1786971862.482,,0,,,,87.110,87.110,False,nan,-8.736,26.64,175.41
1786971862.582,,0,,,,86.960,86.960,False,nan,-8.395,25.61,175.43
1786971862.732,,0,,,,86.620,86.620,False,nan,-8.078,24.65,175.46
1786971863.032,,0,,,,85.650,85.650,False,nan,-8.476,25.87,175.52
1786971863.182,,0,,,,85.180,85.180,False,nan,-9.119,27.82,175.53
1786971863.282,,0,,,,85.100,85.100,False,nan,-9.834,29.99,175.56
1786971863.432,,0,,,,85.160,85.160,False,nan,-10.535,32.10,175.58
1786971863.582,,0,,,,85.190,85.190,False,nan,-11.062,33.70,175.61
1786971863.782,,0,,,,84.930,84.930,False,nan,-11.359,34.59,175.64
1786971863.907,,0,,,,84.710,84.710,False,nan,-11.475,34.95,175.65
1786971864.032,,0,,,,84.400,84.400,False,nan,-11.503,35.03,175.67
1786971864.182,,0,,,,84.240,84.240,False,nan,-11.445,34.86,175.69
1786971864.407,,0,,,,84.430,84.430,False,nan,-11.584,35.29,175.72
1786971864.482,,0,,,,84.520,84.520,False,nan,-11.817,35.99,175.73
1786971864.632,,0,,,,84.720,84.720,False,nan,-12.002,36.55,175.76
1786971864.782,,0,,,,84.990,84.990,False,nan,-12.026,36.63,175.79
1786971864.907,,0,,,,85.310,85.310,False,nan,-11.974,36.48,175.81
1786971865.032,,0,,,,85.670,85.670,False,nan,-11.799,35.95,175.84
1786971865.132,,0,,,,85.880,85.880,False,nan,-11.692,35.64,175.86
1786971865.232,,0,,,,85.990,85.990,False,nan,-11.559,35.24,175.88
1786971865.407,,0,,,,86.140,86.140,False,nan,-11.305,34.48,175.91
1786971865.532,,0,,,,86.120,86.120,False,nan,-11.070,33.78,175.93
1786971865.632,,0,,,,86.080,86.080,False,nan,-10.979,33.51,175.96
1786971865.732,,0,,,,86.120,86.120,False,nan,-11.008,33.60,175.98
1786971865.832,,0,,,,86.130,86.130,False,nan,-10.974,33.51,176.00
1786971865.932,,0,,,,86.140,86.140,False,nan,-10.898,33.28,176.02
1786971866.082,,0,,,,86.200,86.200,False,nan,-10.818,33.04,176.05
1786971866.182,,0,,,,86.160,86.160,False,nan,-10.747,32.83,176.08
1786971866.332,,0,,,,85.990,85.990,False,nan,-10.782,32.95,176.12
1786971866.507,,0,,,,85.740,85.740,False,nan,-11.001,33.61,176.15
1786971866.582,,0,,,,85.580,85.580,False,nan,-11.133,34.02,176.17
1786971866.832,,0,,,,85.000,85.000,False,nan,-11.116,33.97,176.22
1786971866.932,,0,,,,84.770,84.770,False,nan,-11.696,35.73,176.24
1786971867.132,,0,,,,84.400,84.400,False,nan,-11.893,36.33,176.27
1786971867.282,,0,,,,84.200,84.200,False,nan,-12.182,37.21,176.31
1786971868.182,,0,,,,84.340,84.340,False,nan,-12.617,38.55,176.48
1786971868.332,,0,,,,84.280,84.280,False,nan,-12.598,38.50,176.50
1786971868.607,,0,,,,84.830,84.830,False,nan,-12.650,38.66,176.55
1786971868.732,,0,,,,85.220,85.220,False,nan,-12.659,38.70,176.57
1786971868.857,,0,,,,85.540,85.540,False,nan,-12.580,38.46,176.59
1786971868.982,,0,,,,86.050,86.050,False,nan,-12.425,38.00,176.62
1786971869.132,,0,,,,86.220,86.220,False,nan,-12.212,37.37,176.65
1786971869.232,,0,,,,86.280,86.280,False,nan,-11.940,36.55,176.67
1786971869.382,,0,,,,86.290,86.290,False,nan,-11.648,35.68,176.70
1786971869.557,,0,,,,86.250,86.250,False,nan,-11.374,34.85,176.74
1786971869.632,,0,,,,86.270,86.270,False,nan,-11.208,34.36,176.76
1786971869.732,,0,,,,86.360,86.360,False,nan,-11.083,33.98,176.79
1786971869.882,,0,,,,86.530,86.530,False,nan,-11.035,33.85,176.83
1786971869.982,,0,,,,86.570,86.570,False,nan,-11.078,33.98,176.86
1786971870.507,,0,,,,85.630,85.630,False,nan,-11.069,33.98,177.00
1786971871.432,,0,,,,85.150,85.150,False,nan,-12.107,37.18,177.27
1786971871.732,,0,,,,85.210,85.210,False,nan,-12.285,37.74,177.36
1786971871.907,,0,,,,85.030,85.030,False,nan,-12.306,37.81,177.39
1786971872.007,,0,,,,84.940,84.940,False,nan,-12.228,37.58,177.42
1786971872.082,,0,,,,84.900,84.900,False,nan,-12.087,37.16,177.46
1786971872.282,,0,,,,85.060,85.060,False,nan,-11.914,36.65,177.53
1786971872.532,,0,,,,85.510,85.510,False,nan,-11.638,35.83,177.60
1786971873.382,,0,,,,84.590,84.590,False,nan,-11.597,35.76,177.86
1786971873.807,,0,,,,87.610,87.610,False,nan,-1.993,6.19,177.98
1786971873.882,,0,,,,88.440,88.440,False,nan,-3.208,9.96,178.01
1786971874.432,,0,,,,98.340,98.340,False,nan,-23.049,69.75,178.16
1786971877.482,,0,,,,99.750,99.750,False,nan,-9.388,29.24,179.25
1786971877.682,,0,,,,99.430,99.430,False,nan,-9.549,29.74,179.30
1786971877.782,,0,,,,99.380,99.380,False,nan,-9.568,29.81,179.34
1786971877.882,,0,,,,99.430,99.430,False,nan,-9.804,30.54,179.37
1786971877.982,,0,,,,99.500,99.500,False,nan,-9.774,30.46,179.43
1786971878.157,,0,,,,100.000,100.000,False,nan,-9.656,30.10,179.47
1786971878.282,,0,,,,100.450,100.450,False,nan,-9.569,29.85,179.53
1786971878.407,,0,,,,100.670,100.670,False,nan,-9.695,30.24,179.57
1786971878.507,,0,,,,100.810,100.810,False,nan,-9.777,30.50,179.62
1786971878.682,,0,,,,100.660,100.660,False,nan,-9.768,30.49,179.69
1786971878.882,,0,,,,100.660,100.660,False,nan,-9.862,30.79,179.78
1786971878.982,,0,,,,100.000,100.000,False,nan,-9.720,30.36,179.81
1786971879.132,,0,,,,99.720,99.720,False,nan,-9.439,29.50,179.88
1786971879.282,,0,,,,99.520,99.520,False,nan,-9.208,28.79,179.93
1786971879.382,,0,,,,99.450,99.450,False,nan,-9.339,29.20,179.98
1786971879.582,,0,,,,99.570,99.570,False,nan,-9.452,29.57,180.04
1786971879.682,,0,,,,99.640,99.640,False,nan,-9.580,29.97,180.08
1786971879.782,,0,,,,99.660,99.660,False,nan,-10.073,31.50,180.13
1786971879.957,,0,,,,99.610,99.610,False,nan,-10.238,32.02,180.17
1786971880.107,,0,,,,99.520,99.520,False,nan,-10.232,32.02,180.24
1786971880.182,,0,,,,99.430,99.430,False,nan,-10.227,32.01,180.27
1786971880.307,,0,,,,99.370,99.370,False,nan,-10.213,31.97,180.31
1786971880.507,,0,,,,99.160,99.160,False,nan,-10.291,32.22,180.36
1786971880.607,,0,,,,98.970,98.970,False,nan,-10.356,32.43,180.40
1786971880.782,,0,,,,98.920,98.920,False,nan,-10.298,32.26,180.46
1786971880.882,,0,,,,98.960,98.960,False,nan,-10.437,32.70,180.51
1786971881.082,,0,,,,99.220,99.220,False,nan,-10.537,33.02,180.59
1786971881.232,,0,,,,99.690,99.690,False,nan,-10.518,32.98,180.65
1786971881.407,,0,,,,100.550,100.550,False,nan,-10.433,32.72,180.71
1786971881.507,,0,,,,100.970,100.970,False,nan,-10.200,32.01,180.76
1786971881.607,,0,,,,101.530,101.530,False,nan,-9.780,30.71,180.81
1786971881.682,,0,,,,101.780,101.780,False,nan,-9.724,30.55,180.85
1786971881.782,,0,,,,101.950,101.950,False,nan,-9.443,29.68,180.91
1786971881.982,,0,,,,101.730,101.730,False,nan,-8.741,27.50,180.98
1786971882.082,,0,,,,101.480,101.480,False,nan,-8.012,25.23,181.02
1786971882.182,,0,,,,101.100,101.100,False,nan,-7.784,24.52,181.08
1786971882.382,,0,,,,100.200,100.200,False,nan,-7.740,24.40,181.14
1786971882.482,,0,,,,99.810,99.810,False,nan,-8.211,25.88,181.20
1786971882.632,,0,,,,99.030,99.030,False,nan,-8.261,26.04,181.26
1786971882.757,,0,,,,98.560,98.560,False,nan,-9.372,29.53,181.31
1786971882.882,,0,,,,98.210,98.210,False,nan,-10.018,31.55,181.37
1786971883.007,,0,,,,98.100,98.100,False,nan,-10.579,33.30,181.41
1786971883.132,,0,,,,98.200,98.200,False,nan,-11.197,35.24,181.46
1786971883.282,,0,,,,98.390,98.390,False,nan,-11.298,35.56,181.50
1786971883.482,,0,,,,98.750,98.750,False,nan,-11.694,36.80,181.58
1786971883.532,,0,,,,98.980,98.980,False,nan,-11.747,36.98,181.61
1786971883.632,,0,,,,99.470,99.470,False,nan,-11.600,36.53,181.66
1786971883.757,,0,,,,100.050,100.050,False,nan,-11.272,35.52,181.71
1786971883.907,,0,,,,101.100,101.100,False,nan,-10.757,33.92,181.75
1786971884.107,,0,,,,101.850,101.850,False,nan,-10.203,32.21,181.85
1786971884.207,,0,,,,101.910,101.910,False,nan,-9.498,30.02,181.90
1786971884.307,,0,,,,101.740,101.740,False,nan,-9.016,28.51,181.93
1786971884.482,,0,,,,101.370,101.370,False,nan,-8.574,27.14,182.03
1786971884.607,,0,,,,101.000,101.000,False,nan,-8.236,26.08,182.10
1786971884.682,,0,,,,100.830,100.830,False,nan,-8.038,25.47,182.15
1786971884.807,,0,,,,100.600,100.600,False,nan,-8.066,25.57,182.19
1786971884.932,,0,,,,100.440,100.440,False,nan,-8.946,28.34,182.25
1786971885.082,,0,,,,100.440,100.440,False,nan,-9.475,30.01,182.32
1786971885.232,,0,,,,100.480,100.480,False,nan,-9.781,30.98,182.38
1786971885.332,,0,,,,100.520,100.520,False,nan,-10.021,31.75,182.44
1786971885.482,,0,,,,100.500,100.500,False,nan,-10.107,32.02,182.48
1786971885.582,,0,,,,100.420,100.420,False,nan,-9.913,31.42,182.53
1786971885.682,,0,,,,100.280,100.280,False,nan,-10.178,32.26,182.57
1786971885.882,,0,,,,100.230,100.230,False,nan,-10.258,32.52,182.64
1786971885.982,,0,,,,100.260,100.260,False,nan,-10.384,32.93,182.69
1786971886.082,,0,,,,100.310,100.310,False,nan,-10.384,32.94,182.74
1786971886.182,,0,,,,100.350,100.350,False,nan,-10.025,31.82,182.79
1786971886.307,,0,,,,100.340,100.340,False,nan,-9.800,31.12,182.85
1786971886.482,,0,,,,100.200,100.200,False,nan,-9.675,30.75,182.95
1786971886.582,,0,,,,100.200,100.200,False,nan,-9.797,31.14,183.00
1786971886.707,,0,,,,99.910,99.910,False,nan,-10.414,33.09,183.04
1786971886.882,,0,,,,99.980,99.980,False,nan,-10.036,31.91,183.13
1786971887.007,,0,,,,100.140,100.140,False,nan,-10.177,32.37,183.21
1786971887.132,,0,,,,100.170,100.170,False,nan,-10.449,33.23,183.26
1786971887.282,,0,,,,100.050,100.050,False,nan,-10.683,33.98,183.33
1786971887.406,,0,,,,99.820,99.820,False,nan,-10.899,34.67,183.39
1786971887.582,,0,,,,99.520,99.520,False,nan,-10.883,34.64,183.46
1786971887.682,,0,,,,99.500,99.500,False,nan,-10.843,34.52,183.51
1786971887.832,,0,,,,99.580,99.580,False,nan,-10.802,34.41,183.58
1786971887.982,,0,,,,99.850,99.850,False,nan,-10.670,34.00,183.65
1786971888.106,,0,,,,100.000,100.000,False,nan,-10.635,33.90,183.69
1786971888.232,,0,,,,100.080,100.080,False,nan,-10.948,34.90,183.75
1786971888.456,,0,,,,100.290,100.290,False,nan,-11.002,35.08,183.84
1786971888.581,,0,,,,100.490,100.490,False,nan,-10.861,34.66,183.94
1786971888.706,,0,,,,100.630,100.630,False,nan,-10.564,33.73,183.99
1786971888.831,,0,,,,100.730,100.730,False,nan,-10.705,34.19,184.05
1786971889.032,,0,,,,100.860,100.860,False,nan,-10.690,34.16,184.17
1786971889.131,,0,,,,101.720,101.720,False,nan,-10.805,34.54,184.23
1786971889.281,,0,,,,107.270,107.270,False,nan,-14.133,45.00,184.31
1786971889.406,,0,,,,108.070,108.070,False,nan,-16.444,52.19,184.36
1786971889.556,,0,,,,108.450,108.450,False,nan,-17.290,54.81,184.43
1786971889.631,,0,,,,108.530,108.530,False,nan,-17.811,56.43,184.48
1786971889.731,,0,,,,108.460,108.460,False,nan,-18.403,58.25,184.52
1786971889.881,,0,,,,108.230,108.230,False,nan,-18.495,58.56,184.60
1786971892.981,,0,,,,110.620,110.620,False,nan,-4.038,13.11,186.15
1786971893.081,,0,,,,110.390,110.390,False,nan,-4.177,13.56,186.22
1786971893.231,,0,,,,109.980,109.980,False,nan,-4.259,13.84,186.29
1786971893.706,,0,,,,111.170,111.170,False,nan,-11.203,36.24,186.51
1786971893.856,,0,,,,112.600,112.600,False,nan,-13.501,43.56,186.58
1786971894.006,,0,,,,113.100,113.100,False,nan,-14.695,47.35,186.64
1786971894.131,,0,,,,113.340,113.340,False,nan,-15.528,49.99,186.72
1786971894.231,,0,,,,113.510,113.510,False,nan,-15.518,49.97,186.78
1786971894.331,,0,,,,113.590,113.590,False,nan,-15.823,50.95,186.84
1786971894.556,,0,,,,113.820,113.820,False,nan,-13.862,44.79,186.94
1786971894.656,,0,,,,113.920,113.920,False,nan,-11.780,38.17,186.99
1786971894.731,,0,,,,114.050,114.050,False,nan,-11.252,36.49,187.04
1786971894.831,,0,,,,114.250,114.250,False,nan,-10.767,34.95,187.09
1786971894.931,,0,,,,114.470,114.470,False,nan,-10.634,34.53,187.14
1786971895.031,,0,,,,114.750,114.750,False,nan,-10.453,33.96,187.19
1786971895.131,,0,,,,114.990,114.990,False,nan,-10.209,33.19,187.26
1786971895.281,,0,,,,115.220,115.220,False,nan,-10.133,32.96,187.35
1786971895.481,,0,,,,115.440,115.440,False,nan,-9.729,31.68,187.45
1786971895.581,,0,,,,115.450,115.450,False,nan,-9.745,31.74,187.52
1786971895.681,,0,,,,115.440,115.440,False,nan,-9.704,31.62,187.58
1786971895.781,,0,,,,115.430,115.430,False,nan,-9.491,30.94,187.63
1786971895.906,,0,,,,115.430,115.430,False,nan,-9.554,31.15,187.69
1786971896.031,,0,,,,115.420,115.420,False,nan,-9.435,30.78,187.77
1786971896.206,,0,,,,115.270,115.270,False,nan,-9.280,30.29,187.84
1786971896.281,,0,,,,115.200,115.200,False,nan,-9.126,29.81,187.92
1786971896.431,,0,,,,114.970,114.970,False,nan,-9.223,30.13,187.99
1786971896.606,,0,,,,114.630,114.630,False,nan,-9.356,30.57,188.05
1786971896.706,,0,,,,114.430,114.430,False,nan,-9.583,31.32,188.13
1786971896.781,,0,,,,114.240,114.240,False,nan,-9.802,32.04,188.18
1786971896.931,,0,,,,113.980,113.980,False,nan,-9.957,32.55,188.25
1786971897.031,,0,,,,113.840,113.840,False,nan,-10.140,33.15,188.30
1786971897.206,,0,,,,113.760,113.760,False,nan,-10.286,33.64,188.38
1786971897.306,,0,,,,113.790,113.790,False,nan,-10.678,34.91,188.41
1786971897.431,,0,,,,113.880,113.880,False,nan,-10.749,35.15,188.50
1786971897.581,,0,,,,113.950,113.950,False,nan,-10.967,35.88,188.60
1786971897.681,,0,,,,114.030,114.030,False,nan,-10.857,35.54,188.65
1786971897.806,,0,,,,114.330,114.330,False,nan,-10.743,35.18,188.71
1786971897.881,,0,,,,114.580,114.580,False,nan,-10.517,34.46,188.78
1786971898.056,,0,,,,115.120,115.120,False,nan,-10.251,33.61,188.86
1786971898.181,,0,,,,115.580,115.580,False,nan,-9.924,32.56,188.95
1786971898.406,,0,,,,115.970,115.970,False,nan,-9.408,30.90,189.06
1786971898.431,,0,,,,115.990,115.990,False,nan,-9.272,30.46,189.08
1786971898.631,,0,,,,116.000,116.000,False,nan,-8.951,29.44,189.19
1786971898.831,,0,,,,115.690,115.690,False,nan,-8.715,28.69,189.31
1786971899.006,,0,,,,115.280,115.280,False,nan,-8.716,28.70,189.41
1786971899.156,,0,,,,115.000,115.000,False,nan,-8.745,28.81,189.47
1786971899.306,,0,,,,114.590,114.590,False,nan,-9.053,29.83,189.57
1786971899.406,,0,,,,114.290,114.290,False,nan,-9.397,30.96,189.63
1786971899.531,,0,,,,113.990,113.990,False,nan,-9.526,31.40,189.72
1786971899.631,,0,,,,113.850,113.850,False,nan,-9.479,31.25,189.77
1786971899.806,,0,,,,113.820,113.820,False,nan,-10.151,33.46,189.82
1786971899.881,,0,,,,113.860,113.860,False,nan,-10.494,34.59,189.90
1786971899.981,,0,,,,113.950,113.950,False,nan,-10.438,34.41,189.95
1786971900.081,,0,,,,114.070,114.070,False,nan,-10.563,34.84,190.04
1786971900.206,,0,,,,114.160,114.160,False,nan,-10.558,34.83,190.11
1786971900.331,,0,,,,114.370,114.370,False,nan,-11.057,36.47,190.18
1786971900.431,,0,,,,114.480,114.480,False,nan,-11.238,37.08,190.26
1786971900.581,,0,,,,114.680,114.680,False,nan,-10.805,35.68,190.35
1786971900.731,,0,,,,114.880,114.880,False,nan,-10.544,34.85,190.43
1786971900.881,,0,,,,115.010,115.010,False,nan,-10.371,34.30,190.52
1786971901.006,,0,,,,115.020,115.020,False,nan,-10.257,33.93,190.56
1786971901.206,,0,,,,115.020,115.020,False,nan,-10.090,33.40,190.67
1786971901.306,,0,,,,115.030,115.030,False,nan,-8.400,27.86,190.72
1786971901.481,,0,,,,114.930,114.930,False,nan,-7.776,25.82,190.82
1786971901.581,,0,,,,114.870,114.870,False,nan,-9.044,30.01,190.89
1786971901.631,,0,,,,114.840,114.840,False,nan,-9.705,32.19,190.95
1786971901.806,,0,,,,114.750,114.750,False,nan,-9.806,32.53,191.03
1786971901.931,,0,,,,114.730,114.730,False,nan,-9.840,32.66,191.10
1786971902.031,,0,,,,114.730,114.730,False,nan,-9.873,32.78,191.17
1786971902.231,,0,,,,114.840,114.840,False,nan,-9.894,32.87,191.28
1786971902.356,,0,,,,114.930,114.930,False,nan,-9.971,33.13,191.35
1786971902.481,,0,,,,114.980,114.980,False,nan,-9.932,33.02,191.44
1786971902.606,,0,,,,114.950,114.950,False,nan,-9.821,32.67,191.51
1786971902.756,,0,,,,114.870,114.870,False,nan,-9.743,32.42,191.60
1786971902.881,,0,,,,114.790,114.790,False,nan,-9.712,32.34,191.69
1786971903.006,,0,,,,114.840,114.840,False,nan,-9.888,32.93,191.77
1786971903.156,,0,,,,114.880,114.880,False,nan,-9.952,33.15,191.85
1786971903.231,,0,,,,114.890,114.890,False,nan,-10.004,33.34,191.92
1786971903.356,,0,,,,114.860,114.860,False,nan,-10.426,34.74,191.97
1786971903.531,,0,,,,114.820,114.820,False,nan,-10.208,34.04,192.08
1786971903.631,,0,,,,114.880,114.880,False,nan,-10.191,34.00,192.14
1786971903.781,,0,,,,115.020,115.020,False,nan,-10.069,33.61,192.23
1786971903.956,,0,,,,115.160,115.160,False,nan,-10.008,33.42,192.32
1786971904.106,,0,,,,115.160,115.160,False,nan,-9.992,33.39,192.42
1786971904.231,,0,,,,115.050,115.050,False,nan,-10.299,34.42,192.50
1786971904.481,,0,,,,114.640,114.640,False,nan,-10.176,34.03,192.62
1786971904.681,,0,,,,114.440,114.440,False,nan,-10.573,35.36,192.73
1786971904.781,,0,,,,114.440,114.440,False,nan,-10.942,36.60,192.81
1786971904.881,,0,,,,114.330,114.330,False,nan,-10.970,36.70,192.85
1786971905.031,,0,,,,114.650,114.650,False,nan,-10.905,36.50,192.95
1786971905.206,,0,,,,115.190,115.190,False,nan,-10.553,35.36,193.05
1786971905.381,,0,,,,115.770,115.770,False,nan,-10.405,34.89,193.17
1786971905.431,,0,,,,115.970,115.970,False,nan,-10.358,34.74,193.23
1786971905.581,,0,,,,116.340,116.340,False,nan,-9.926,33.32,193.31
1786971905.706,,0,,,,116.470,116.470,False,nan,-9.840,33.05,193.41
1786971905.906,,0,,,,116.390,116.390,False,nan,-9.460,31.81,193.55
1786971905.981,,0,,,,116.250,116.250,False,nan,-8.999,30.29,193.63
1786971906.206,,0,,,,115.950,115.950,False,nan,-9.041,30.44,193.74
1786971906.306,,0,,,,115.800,115.800,False,nan,-9.258,31.18,193.83
1786971906.506,,0,,,,115.420,115.420,False,nan,-9.423,31.75,193.94
1786971906.656,,0,,,,115.040,115.040,False,nan,-9.807,33.05,194.05
1786971906.756,,0,,,,114.830,114.830,False,nan,-10.065,33.92,194.11
1786971906.831,,0,,,,114.630,114.630,False,nan,-10.566,35.61,194.19
1786971906.956,,0,,,,114.410,114.410,False,nan,-10.604,35.75,194.25
1786971907.106,,0,,,,114.030,114.030,False,nan,-10.858,36.60,194.32
1786971907.131,,0,,,,113.990,113.990,False,nan,-11.297,38.08,194.37
1786971907.231,,0,,,,113.840,113.840,False,nan,-11.544,38.91,194.44
1786971907.431,,0,,,,113.670,113.670,False,nan,-11.905,40.13,194.54
1786971907.606,,0,,,,113.700,113.700,False,nan,-12.123,40.87,194.63
1786971907.706,,0,,,,113.800,113.800,False,nan,-12.175,41.06,194.70
1786971907.806,,0,,,,113.920,113.920,False,nan,-12.252,41.33,194.76
1786971908.006,,0,,,,114.390,114.390,False,nan,-12.302,41.51,194.84
1786971908.031,,0,,,,114.500,114.500,False,nan,-12.249,41.35,194.91
1786971908.181,,0,,,,114.900,114.900,False,nan,-12.141,41.01,194.98
1786971908.231,,0,,,,115.050,115.050,False,nan,-12.014,40.60,195.05
1786971908.381,,0,,,,115.520,115.520,False,nan,-11.779,39.83,195.13
1786971908.531,,0,,,,115.820,115.820,False,nan,-11.428,38.68,195.23
1786971908.681,,0,,,,116.010,116.010,False,nan,-11.164,37.82,195.33
1786971908.806,,0,,,,116.050,116.050,False,nan,-10.798,36.61,195.43
1786971908.931,,0,,,,116.030,116.030,False,nan,-10.366,35.18,195.50
1786971909.081,,0,,,,115.900,115.900,False,nan,-10.404,35.33,195.63
1786971909.181,,0,,,,115.710,115.710,False,nan,-10.450,35.49,195.70
1786971909.281,,0,,,,115.530,115.530,False,nan,-10.570,35.91,195.79
1786971909.431,,0,,,,115.290,115.290,False,nan,-10.603,36.04,195.88
1786971909.556,,0,,,,115.170,115.170,False,nan,-10.773,36.62,195.94
1786971909.706,,0,,,,115.050,115.050,False,nan,-10.959,37.27,196.04
1786971909.781,,0,,,,115.000,115.000,False,nan,-10.957,37.28,196.11
1786971909.956,,0,,,,114.770,114.770,False,nan,-11.266,38.33,196.21
1786971910.081,,0,,,,114.640,114.640,False,nan,-11.526,39.22,196.29
1786971910.206,,0,,,,114.560,114.560,False,nan,-11.533,39.26,196.39
1786971910.406,,0,,,,114.380,114.380,False,nan,-11.565,39.39,196.49
1786971910.631,,0,,,,114.060,114.060,False,nan,-11.751,40.05,196.67
1786971910.781,,0,,,,113.920,113.920,False,nan,-12.124,41.32,196.75
1786971910.906,,0,,,,113.940,113.940,False,nan,-12.274,41.85,196.83
1786971911.031,,0,,,,114.130,114.130,False,nan,-12.357,42.15,196.95
1786971911.131,,0,,,,114.290,114.290,False,nan,-12.359,42.17,197.01
1786971911.281,,0,,,,114.550,114.550,False,nan,-12.344,42.13,197.09
1786971911.431,,0,,,,114.800,114.800,False,nan,-11.955,40.85,197.21
1786971911.531,,0,,,,115.020,115.020,False,nan,-11.658,39.86,197.27
1786971911.681,,0,,,,115.410,115.410,False,nan,-11.480,39.29,197.39
1786971911.831,,0,,,,115.720,115.720,False,nan,-11.085,37.97,197.50
1786971911.931,,0,,,,115.830,115.830,False,nan,-11.001,37.70,197.56
1786971912.106,,0,,,,115.650,115.650,False,nan,-11.077,37.97,197.66
1786971912.131,,0,,,,115.580,115.580,False,nan,-10.835,37.17,197.71
1786971912.306,,0,,,,115.140,115.140,False,nan,-10.970,37.64,197.81
1786971912.506,,0,,,,114.420,114.420,False,nan,-11.168,38.34,197.95
1786971912.606,,0,,,,109.770,109.770,False,nan,-10.958,37.64,198.01
1786971912.756,,0,,,,88.190,88.190,False,nan,-1.613,5.58,198.10
1786971912.881,,0,,,,71.620,71.148,True,1.091,17.669,60.16,198.20
1786971913.031,,0,,,,45.170,45.251,True,0.860,37.156,119.77,198.30
1786971913.131,,0,,,,21.380,21.155,True,0.572,54.602,161.70,198.37
1786971913.281,,0,,,,-2.780,-7.599,True,0.451,85.091,197.74,198.47
1786971916.356,,0,,,,-45.910,-43.035,True,0.776,150.834,97.79,200.65
1786971916.956,,0,,,,-44.340,-41.745,True,0.776,151.109,97.16,201.10
1786971916.981,,0,,,,-44.190,-41.622,True,0.776,151.232,96.82,201.18
1786971917.381,,0,,,,-43.860,-41.350,True,0.776,151.842,95.08,201.48
1786971917.506,,0,,,,-44.120,-41.564,True,0.776,152.062,94.44,201.57
1786971917.681,,0,,,,-44.750,-42.082,True,0.776,152.401,93.44,201.69
1786971917.906,,0,,,,-45.310,-42.542,True,0.776,152.753,92.41,201.86
1786971918.306,,0,,,,-46.030,-43.134,True,0.776,152.551,93.18,202.13
1786971918.406,,0,,,,-46.120,-43.208,True,0.776,152.510,93.34,202.22
1786971918.731,,0,,,,-46.120,-43.208,True,0.776,152.396,93.81,202.45
1786971918.881,,0,,,,-45.920,-43.043,True,0.776,152.390,93.87,202.54
1786971919.006,,0,,,,-45.860,-42.994,True,0.776,152.480,93.62,202.62
1786971919.081,,0,,,,-45.820,-42.961,True,0.776,152.595,93.29,202.68
1786971919.206,,0,,,,-45.780,-42.928,True,0.776,152.656,93.13,202.75
1786971921.306,,0,,,,-44.820,-42.139,True,0.776,155.224,85.61,204.27
1786971921.506,,0,,,,-45.000,-42.287,True,0.776,155.168,85.84,204.40
1786971921.606,,0,,,,-45.140,-42.402,True,0.776,155.296,85.46,204.49
1786971922.731,,0,,,,-45.110,-42.378,True,0.776,155.864,83.94,205.28
1786971922.806,,0,,,,-44.860,-42.172,True,0.776,155.961,83.65,205.34
1786971922.931,,0,,,,-44.520,-41.893,True,0.776,156.072,83.32,205.43
1786971923.031,,0,,,,-44.260,-41.679,True,0.776,156.236,82.81,205.50
1786971923.506,,0,,,,-44.190,-41.622,True,0.776,156.974,80.52,205.85
1786971931.681,,0,,,,-45.730,-42.887,True,0.776,164.121,57.86,211.46
1786971931.981,,0,,,,-45.720,-42.879,True,0.776,164.396,56.93,211.64
1786971933.431,,0,,,,-46.350,-43.397,True,0.776,165.515,53.15,212.50
1786971933.481,,0,,,,-46.350,-43.397,True,0.776,165.634,52.73,212.54
1786971933.606,,0,,,,-46.050,-43.150,True,0.776,165.676,52.60,212.59
1786971933.706,,0,,,,-45.920,-43.043,True,0.776,165.719,52.46,212.66
1786971934.231,,0,,,,-45.160,-42.419,True,0.776,166.396,50.10,212.98
1786971934.481,,0,,,,-45.000,-42.287,True,0.776,166.928,48.20,213.12
1786971934.781,,0,,,,-44.920,-42.222,True,0.776,167.431,46.43,213.35
1786971936.006,,0,,,,-46.380,-43.422,True,0.776,168.292,43.44,214.06
1786971951.930,,0,,,,-56.360,-51.797,True,0.621,139.431,144.98,222.92
1786971952.005,,0,,,,-56.390,-51.823,True,0.620,139.317,145.34,222.95
1786971952.130,,0,,,,-56.320,-51.763,True,0.622,139.269,145.52,223.01
1786971952.305,,0,,,,-56.150,-51.620,True,0.625,139.191,145.79,223.08
1786971952.880,,0,,,,-62.790,-57.950,True,0.594,146.917,121.93,223.38
1786971953.080,,0,,,,-63.130,-58.353,True,0.603,148.440,116.97,223.48
1786971953.180,,0,,,,-63.190,-58.424,True,0.605,148.915,115.40,223.51
1786971958.630,,0,,,,-65.220,-60.827,True,0.664,173.276,26.53,226.61
1786971961.580,,0,,,,-64.520,-59.998,True,0.643,176.902,12.34,228.35
1786971963.680,,0,,,,-63.920,-59.288,True,0.626,179.562,1.76,229.67
1786971963.830,,0,,,,-63.860,-59.217,True,0.624,179.797,0.81,229.74
1786971964.130,,0,,,,-63.880,-59.241,True,0.625,-179.797,0.81,229.97
1786971964.230,,0,,,,-63.930,-59.300,True,0.626,-179.712,1.16,230.03
1786971964.430,,0,,,,-64.100,-59.501,True,0.631,-179.741,1.04,230.15
1786971965.305,,0,,,,-65.500,-61.158,True,0.672,-179.956,0.18,230.76
1786971965.455,,0,,,,-65.690,-61.383,True,0.677,-179.877,0.50,230.83
1786971969.005,,0,,,,-64.370,-59.821,True,0.639,160.087,79.47,233.34
1786971981.130,,0,,,,-63.760,-59.099,True,0.621,-161.526,77.18,243.56
1786971989.530,,0,,,,-65.020,-60.590,True,0.658,-152.285,117.06,251.71
1786971989.980,,0,,,,-64.910,-60.460,True,0.655,-151.656,119.70,252.13
1786971991.555,,0,,,,-65.520,-61.182,True,0.672,-150.056,126.65,253.73
1786971997.755,,0,,,,-34.960,-34.240,True,0.715,152.172,121.38,260.02
1786971997.830,,0,,,,-35.060,-34.312,True,0.718,152.254,121.10,260.12
1786971997.980,,0,,,,-35.140,-34.370,True,0.720,152.242,121.22,260.27
1786971998.105,,0,,,,-35.120,-34.355,True,0.720,152.236,121.30,260.39
1786971998.230,,0,,,,-34.960,-34.240,True,0.715,152.148,121.73,260.56
1786971998.380,,0,,,,-34.720,-34.066,True,0.708,152.117,121.93,260.72
1786971998.555,,0,,,,-34.540,-33.937,True,0.703,152.114,122.00,260.84
1786971998.580,,0,,,,-34.510,-33.915,True,0.702,152.103,122.07,260.90
1786971998.680,,0,,,,-34.390,-33.828,True,0.698,152.096,122.16,261.04
1786971998.855,,0,,,,-34.300,-33.763,True,0.696,152.158,121.97,261.16
1786971999.005,,0,,,,-34.440,-33.864,True,0.700,152.184,121.94,261.32
1786971999.080,,0,,,,-34.570,-33.958,True,0.704,152.324,121.43,261.45
1786971999.255,,0,,,,-34.840,-34.153,True,0.712,152.389,121.24,261.59
1786971999.430,,0,,,,-35.090,-34.334,True,0.719,152.495,120.91,261.82
1786971999.605,,0,,,,-35.230,-34.435,True,0.723,152.569,120.68,261.96
1786971999.680,,0,,,,-35.250,-34.449,True,0.724,152.561,120.76,262.07
1786971999.780,,0,,,,-35.310,-34.492,True,0.726,152.600,120.66,262.18
1786971999.880,,0,,,,-35.370,-34.536,True,0.727,152.684,120.37,262.31
1786972000.130,,0,,,,-35.350,-34.521,True,0.727,152.738,120.27,262.55
1786972000.230,,0,,,,-35.310,-34.492,True,0.726,152.717,120.39,262.64
1786972000.330,,0,,,,-35.260,-34.456,True,0.724,152.748,120.30,262.72
1786972000.530,,0,,,,-35.180,-34.398,True,0.722,152.608,120.97,262.94
1786972000.680,,0,,,,-35.180,-34.398,True,0.722,152.672,120.80,263.13
1786972000.780,,0,,,,-35.270,-34.463,True,0.724,152.772,120.43,263.22
1786972001.005,,0,,,,-35.270,-34.463,True,0.724,152.854,120.18,263.40
1786972001.105,,0,,,,-35.250,-34.449,True,0.724,152.990,119.67,263.51
1786972001.255,,0,,,,-35.060,-34.312,True,0.718,153.016,119.64,263.67
1786972001.380,,0,,,,-34.740,-34.081,True,0.709,153.123,119.27,263.82
1786972001.505,,0,,,,-34.390,-33.828,True,0.698,153.047,119.63,263.94
1786972001.755,,0,,,,-33.760,-33.374,True,0.680,153.138,119.37,264.19
1786972001.855,,0,,,,-33.590,-33.251,True,0.675,153.098,119.58,264.29
1786972002.005,,0,,,,-33.430,-33.135,True,0.670,153.260,118.98,264.43
1786972002.305,,0,,,,-33.460,-33.157,True,0.671,154.041,115.91,264.80
1786972002.880,,0,,,,-34.070,-33.597,True,0.689,154.471,114.42,265.49
1786972003.005,,0,,,,-34.270,-33.742,True,0.695,154.628,113.80,265.59
1786972003.105,,0,,,,-34.510,-33.915,True,0.702,154.707,113.51,265.67
1786972003.180,,0,,,,-34.690,-34.045,True,0.707,154.927,112.64,265.82
1786972003.380,,0,,,,-35.080,-34.326,True,0.719,154.945,112.66,266.03
1786972003.505,,0,,,,-35.200,-34.413,True,0.722,155.135,111.90,266.12
1786972003.630,,0,,,,-35.310,-34.492,True,0.726,155.218,111.63,266.31
1786972003.830,,0,,,,-35.430,-34.579,True,0.729,155.182,111.85,266.49
1786972003.930,,0,,,,-35.480,-34.615,True,0.731,155.185,111.88,266.59
1786972004.105,,0,,,,-35.490,-34.622,True,0.731,155.099,112.31,266.75
1786972004.180,,0,,,,-35.480,-34.615,True,0.731,155.057,112.54,266.86
1786972004.305,,0,,,,-35.480,-34.615,True,0.731,154.998,112.83,266.96
1786972004.505,,0,,,,-35.230,-34.435,True,0.723,154.901,113.31,267.12
1786972004.580,,0,,,,-35.020,-34.283,True,0.717,154.827,113.68,267.26
1786972005.005,,0,,,,-33.810,-33.410,True,0.681,155.088,112.77,267.72
1786972005.330,,0,,,,-33.460,-33.157,True,0.671,155.473,111.29,268.09
1786972005.454,,0,,,,-33.610,-33.265,True,0.676,155.583,110.87,268.22
1786972005.580,,0,,,,-34.000,-33.547,True,0.687,155.740,110.26,268.36
1786972005.780,,0,,,,-34.510,-33.915,True,0.702,155.935,109.53,268.59
1786972006.304,,0,,,,-35.850,-34.882,True,0.741,155.818,110.25,269.15
1786972006.429,,0,,,,-35.820,-34.860,True,0.741,155.699,110.84,269.34
1786972006.879,,0,,,,-35.600,-34.702,True,0.734,155.524,111.76,269.76
1786972007.879,,0,,,,-34.550,-33.944,True,0.703,155.820,110.95,270.87
1786972008.004,,0,,,,-34.390,-33.828,True,0.698,155.836,110.93,270.98
1786972008.079,,0,,,,-34.240,-33.720,True,0.694,155.881,110.78,271.09
1786972008.729,,0,,,,-33.140,-32.926,True,0.662,156.568,108.10,271.83
1786972008.829,,0,,,,-33.230,-32.991,True,0.665,156.717,107.49,271.95
1786972009.529,,0,,,,-35.550,-34.665,True,0.733,157.241,105.50,272.72
1786972009.704,,0,,,,-35.980,-34.976,True,0.745,157.176,105.86,272.91
1786972009.804,,0,,,,-36.160,-35.106,True,0.751,157.102,106.23,273.02
1786972010.304,,0,,,,-36.100,-35.062,True,0.749,156.426,109.40,273.56
1786972010.604,,0,,,,-35.600,-34.702,True,0.734,156.678,108.42,273.87
1786972010.779,,0,,,,-34.940,-34.225,True,0.715,156.307,110.14,274.09
1786972010.879,,0,,,,-34.570,-33.958,True,0.704,156.131,110.95,274.20
1786972011.204,,0,,,,-34.070,-33.597,True,0.689,156.505,109.44,274.52
1786972011.329,,0,,,,-34.100,-33.619,True,0.690,156.712,108.59,274.67
1786972011.479,,0,,,,-34.320,-33.778,True,0.696,156.850,108.05,274.84
1786972011.604,,0,,,,-34.560,-33.951,True,0.703,157.010,107.41,275.00
1786972012.204,,0,,,,-34.770,-34.103,True,0.710,157.182,106.88,275.61
1786972012.304,,0,,,,-34.590,-33.973,True,0.704,157.140,107.11,275.73
1786972012.404,,0,,,,-34.470,-33.886,True,0.701,157.055,107.54,275.86
1786972012.504,,0,,,,-34.360,-33.807,True,0.698,157.075,107.49,275.94
1786972012.704,,0,,,,-34.340,-33.792,True,0.697,157.163,107.18,276.16
1786972018.029,,0,,,,-34.500,-33.908,True,0.702,169.157,53.06,282.06
1786972021.554,,0,,,,-34.540,-33.937,True,0.703,157.608,108.89,285.84
1786972025.679,,0,,,,-35.930,-34.940,True,0.744,172.014,40.32,290.20
1786972029.954,,0,,,,-36.000,-34.990,True,0.746,175.834,21.39,294.36
1786972032.679,,0,,,,-35.950,-34.954,True,0.744,176.338,18.97,296.95
1786972033.004,,0,,,,-35.800,-34.846,True,0.740,177.281,14.10,297.19
1786972033.729,,0,,,,-35.960,-34.961,True,0.745,178.669,6.92,297.93
1786972033.829,,0,,,,-36.020,-35.005,True,0.747,178.939,5.52,298.03
1786972034.004,,0,,,,-36.150,-35.099,True,0.750,179.015,5.13,298.15
1786972034.154,,0,,,,-36.180,-35.120,True,0.751,179.204,4.14,298.29
1786972034.404,,0,,,,-36.120,-35.077,True,0.749,179.402,3.11,298.54
1786972034.579,,0,,,,-36.110,-35.070,True,0.749,179.484,2.69,298.73
1786972034.704,,0,,,,-36.060,-35.034,True,0.748,179.706,1.53,298.82
1786972034.829,,0,,,,-36.000,-34.990,True,0.746,179.662,1.76,298.94
1786972035.054,,0,,,,-35.920,-34.933,True,0.744,-179.856,0.75,299.14
1786972035.904,,0,,,,-36.070,-35.041,True,0.748,-179.019,5.13,299.94
1786972035.979,,0,,,,-36.070,-35.041,True,0.748,-179.043,5.01,300.03
1786972036.079,,0,,,,-36.060,-35.034,True,0.748,-179.059,4.93,300.13
1786972036.729,,0,,,,-35.930,-34.940,True,0.744,-178.468,8.04,300.69
1786972036.854,,0,,,,-35.850,-34.882,True,0.741,-178.374,8.53,300.78
1786972037.104,,0,,,,-35.660,-34.745,True,0.736,-177.905,11.00,301.00
1786972037.304,,0,,,,-35.580,-34.687,True,0.733,-177.508,13.10,301.20
1786972037.404,,0,,,,-35.610,-34.709,True,0.734,-177.205,14.69,301.31
1786972037.904,,0,,,,-35.790,-34.839,True,0.740,-177.204,14.72,301.73
1786972038.004,,0,,,,-35.850,-34.882,True,0.741,-177.304,14.20,301.81
1786972038.129,,0,,,,-36.460,-35.322,True,0.760,-177.096,15.30,301.97
1786972038.304,,0,,,,-38.630,-37.052,True,0.776,-176.250,19.76,302.05
1786972038.504,,0,,,,-39.810,-38.022,True,0.776,-173.034,36.66,302.30
1786972038.629,,0,,,,-40.970,-38.975,True,0.776,-172.411,39.94,302.42
1786972041.704,,0,,,,-44.770,-42.098,True,0.776,-174.224,30.70,305.06
1786972041.779,,0,,,,-44.890,-42.197,True,0.776,-173.781,33.05,305.11
1786972043.104,,0,,,,-49.240,-45.778,True,0.771,-171.756,43.92,306.27
1786972044.154,,0,,,,-51.720,-47.875,True,0.718,-170.270,51.90,307.11
1786972044.179,,0,,,,-51.730,-47.883,True,0.717,-170.155,52.52,307.18
1786972044.479,,0,,,,-53.840,-49.667,True,0.673,-168.697,60.26,307.42
1786972044.904,,0,,,,-55.390,-50.977,True,0.641,-167.653,65.81,307.75
1786972045.004,,0,,,,-56.150,-51.620,True,0.625,-168.518,61.27,307.81
1786972045.079,,0,,,,-56.570,-51.975,True,0.617,-168.209,62.92,307.92
1786972045.204,,0,,,,-56.970,-52.313,True,0.608,-167.939,64.36,308.01
1786972045.354,,0,,,,-57.650,-52.888,True,0.595,-167.773,65.26,308.13
1786972045.454,,0,,,,-58.030,-53.209,True,0.587,-167.807,65.10,308.20
1786972045.704,,0,,,,-58.770,-53.835,True,0.572,-167.161,68.53,308.41
1786972045.904,,0,,,,-59.230,-54.224,True,0.563,-167.980,64.26,308.58
1786972045.979,,0,,,,-59.400,-54.367,True,0.560,-167.880,64.81,308.66
1786972046.679,,0,,,,-60.440,-55.247,True,0.539,-167.071,69.18,309.20
1786972047.504,,0,,,,-62.090,-57.122,True,0.574,-166.967,69.86,309.80
1786972047.654,,0,,,,-62.480,-57.583,True,0.585,-167.048,69.47,309.93
1786972047.754,,0,,,,-62.820,-57.986,True,0.594,-167.086,69.28,310.01
1786972047.879,,0,,,,-63.280,-58.530,True,0.608,-167.073,69.37,310.10
1786972048.104,,0,,,,-63.760,-59.099,True,0.621,-166.940,70.11,310.26
1786972048.304,,0,,,,-64.110,-59.513,True,0.631,-166.693,71.45,310.42
1786972048.404,,0,,,,-64.230,-59.655,True,0.635,-166.508,72.45,310.53
1786972048.754,,0,,,,-64.560,-60.045,True,0.644,-166.530,72.39,310.78
1786972048.879,,0,,,,-64.690,-60.199,True,0.648,-166.442,72.89,310.92
1786972049.029,,0,,,,-64.930,-60.483,True,0.655,-166.114,74.64,311.03
1786972049.204,,0,,,,-65.160,-60.756,True,0.662,-165.830,76.16,311.13
1786972049.404,,0,,,,-65.380,-61.016,True,0.668,-165.481,78.04,311.27
1786972049.579,,0,,,,-65.890,-61.620,True,0.683,-165.262,79.22,311.40
1786972049.729,,0,,,,-66.220,-62.010,True,0.693,-165.070,80.26,311.52
1786972050.154,,0,,,,-66.910,-62.827,True,0.713,-165.354,78.84,311.82
1786972050.404,,0,,,,-67.300,-63.289,True,0.725,-165.489,78.18,312.00
1786972050.504,,0,,,,-67.390,-63.395,True,0.728,-165.283,79.28,312.09
1786972050.704,,0,,,,-67.740,-63.810,True,0.738,-164.954,81.05,312.21
1786972050.804,,0,,,,-67.950,-64.058,True,0.744,-164.805,81.85,312.30
1786972050.879,,0,,,,-68.240,-64.401,True,0.753,-164.767,82.07,312.37
1786972051.104,,0,,,,-68.670,-64.910,True,0.766,-164.606,82.95,312.50
1786972051.204,,0,,,,-68.830,-65.100,True,0.771,-164.611,82.94,312.56
1786972051.304,,0,,,,-69.050,-65.358,True,0.774,-164.574,83.16,312.65
1786972051.404,,0,,,,-69.250,-65.585,True,0.768,-164.425,83.97,312.73
1786972051.779,,0,,,,-69.670,-66.063,True,0.756,-163.957,86.50,312.99
1786972051.904,,0,,,,-69.860,-66.280,True,0.751,-163.944,86.59,313.06
1786972052.004,,0,,,,-70.010,-66.450,True,0.747,-163.883,86.93,313.14
1786972052.479,,0,,,,-70.500,-67.008,True,0.733,-163.394,89.59,313.48
1786972052.804,,0,,,,-71.110,-67.702,True,0.715,-163.015,91.63,313.66
1786972052.879,,0,,,,-71.270,-67.884,True,0.711,-162.929,92.10,313.73
1786972053.004,,0,,,,-71.490,-68.134,True,0.704,-162.892,92.32,313.82
1786972053.154,,0,,,,-71.690,-68.362,True,0.699,-162.907,92.26,313.89
1786972053.229,,0,,,,-71.800,-68.487,True,0.696,-162.888,92.38,313.97
1786972053.454,,0,,,,-72.050,-68.772,True,0.688,-162.893,92.39,314.10
1786972053.704,,0,,,,-72.250,-68.999,True,0.683,-162.649,93.73,314.29
1786972053.929,,0,,,,-72.380,-69.147,True,0.679,-162.439,94.86,314.41
1786972054.154,,0,,,,-72.550,-69.341,True,0.674,-162.198,96.18,314.57
1786972054.304,,0,,,,-72.650,-69.455,True,0.672,-162.134,96.53,314.66
1786972054.454,,0,,,,-72.870,-69.705,True,0.665,-162.101,96.74,314.76
1786972054.654,,0,,,,-73.120,-69.989,True,0.658,-161.933,97.65,314.89
1786972054.804,,0,,,,-73.240,-70.126,True,0.655,-161.769,98.54,314.98
1786972054.904,,0,,,,-73.270,-70.160,True,0.654,-161.609,99.41,315.08
1786972055.054,,0,,,,-73.330,-70.228,True,0.652,-161.462,100.20,315.16
1786972055.179,,0,,,,-73.350,-70.251,True,0.652,-161.317,100.99,315.26
1786972055.329,,0,,,,-73.400,-70.308,True,0.651,-161.350,100.85,315.37
1786972055.529,,0,,,,-73.450,-70.365,True,0.649,-161.390,100.68,315.50
1786972055.704,,0,,,,-73.550,-70.479,True,0.646,-161.304,101.17,315.61
1786972055.854,,0,,,,-73.650,-70.592,True,0.644,-161.109,102.21,315.70
1786972055.979,,0,,,,-73.770,-70.729,True,0.640,-160.988,102.87,315.76
1786972056.079,,0,,,,-73.860,-70.831,True,0.638,-160.807,103.84,315.86
1786972056.404,,0,,,,-74.250,-71.275,True,0.627,-160.681,104.56,316.05
1786972056.504,,0,,,,-74.530,-71.594,True,0.619,-160.734,104.30,316.10
1786972056.604,,0,,,,-74.620,-71.696,True,0.617,-160.596,105.04,316.18
1786972056.729,,0,,,,-74.790,-71.890,True,0.612,-160.536,105.38,316.26
1786972056.829,,0,,,,-74.930,-72.049,True,0.608,-160.404,106.09,316.34
1786972056.954,,0,,,,-75.060,-72.197,True,0.605,-160.357,106.36,316.40
1786972057.104,,0,,,,-75.150,-72.299,True,0.602,-160.084,107.81,316.48
1786972057.204,,0,,,,-75.190,-72.345,True,0.601,-160.070,107.89,316.52
1786972057.304,,0,,,,-75.240,-72.402,True,0.600,-159.915,108.72,316.60
1786972057.454,,0,,,,-75.380,-72.561,True,0.596,-159.737,109.67,316.67
1786972057.604,,0,,,,-75.470,-72.664,True,0.593,-159.756,109.60,316.74
1786972057.804,,0,,,,-75.610,-72.823,True,0.590,-159.772,109.55,316.85
1786972057.879,,0,,,,-75.750,-72.982,True,0.586,-159.843,109.21,316.91
1786972057.979,,0,,,,-75.900,-73.153,True,0.582,-159.847,109.21,316.98
1786972058.529,,0,,,,-76.690,-74.052,True,0.561,-160.338,106.75,317.27
1786972058.704,,0,,,,-77.030,-74.439,True,0.552,-160.374,106.59,317.35
1786972058.904,,0,,,,-77.390,-74.848,True,0.542,-160.224,107.40,317.45
1786972059.004,,0,,,,-77.570,-75.053,True,0.537,-160.143,107.85,317.51
1786972059.079,,0,,,,-77.690,-75.190,True,0.536,-159.923,109.01,317.57
1786972059.179,,0,,,,-77.850,-75.372,True,0.544,-159.844,109.45,317.63
1786972059.504,,0,,,,-78.550,-76.169,True,0.582,-159.659,110.46,317.78
1786972059.679,,0,,,,-78.790,-76.442,True,0.595,-159.420,111.73,317.87
1786972060.079,,0,,,,-79.400,-77.136,True,0.628,-158.980,114.08,318.06
1786972060.754,,0,,,,-80.350,-78.217,True,0.681,-158.834,114.95,318.36
1786972060.804,,0,,,,-80.410,-78.286,True,0.685,-158.973,114.24,318.39
1786972060.904,,0,,,,-80.620,-78.525,True,0.697,-158.941,114.42,318.42
1786972061.079,,0,,,,-80.860,-78.798,True,0.710,-158.855,114.89,318.50
1786972061.204,,0,,,,-81.050,-79.014,True,0.721,-158.773,115.34,318.55
1786972061.304,,0,,,,-81.230,-79.219,True,0.731,-158.619,116.15,318.60
1786972061.454,,0,,,,-81.630,-79.674,True,0.754,-158.572,116.41,318.66
1786972061.604,,0,,,,-82.030,-80.130,True,0.777,-158.514,116.73,318.70
1786972063.054,,0,,,,-84.450,-82.884,True,0.919,-158.666,116.15,319.26
1786972063.279,,0,,,,-85.480,-84.057,True,0.980,-158.280,118.18,319.34
1786972063.404,,0,,,,-85.930,-84.569,True,1.007,-157.777,120.79,319.37
1786972064.179,,0,,,,-88.890,-87.937,True,0.955,-157.592,121.83,319.60
1786972064.903,,0,,,,-92.890,-92.489,True,0.837,-156.542,127.28,319.75
1786972065.204,,0,,,,-95.000,-94.890,True,0.776,-156.180,129.16,319.81
1786972065.329,,0,,,,-95.890,-95.890,False,nan,-155.801,131.10,319.84
1786972065.503,,0,,,,-96.940,-96.940,False,nan,-155.253,133.90,319.87
1786972065.628,,0,,,,-97.610,-97.610,False,nan,-154.554,137.45,319.89
1786972066.128,,0,,,,-99.870,-99.870,False,nan,-154.722,136.62,319.95
1786972066.403,,0,,,,-101.340,-101.340,False,nan,-154.359,138.46,319.97
1786972067.403,,0,,,,-105.750,-105.750,False,nan,-156.503,127.60,320.03
1786972067.603,,0,,,,-107.470,-107.470,False,nan,-156.958,125.26,320.04
1786972067.978,,0,,,,-109.420,-109.420,False,nan,-154.044,140.07,320.03
1786972068.128,,0,,,,-110.180,-110.180,False,nan,-152.929,145.64,320.03
1786972068.228,,0,,,,-111.330,-111.330,False,nan,-152.200,149.26,320.03
1786972068.403,,0,,,,-112.610,-112.610,False,nan,-151.559,152.41,320.01
1786972068.503,,0,,,,-113.830,-113.830,False,nan,-150.923,155.52,320.01
1786972068.678,,0,,,,-115.630,-115.630,False,nan,-150.028,159.86,320.00
1786972068.878,,0,,,,-117.480,-117.480,False,nan,-148.914,165.21,319.97
1786972069.028,,0,,,,-119.600,-119.600,False,nan,-149.356,163.08,319.95
1786972069.153,,0,,,,-120.480,-120.480,False,nan,-149.179,163.92,319.94
1786972069.228,,0,,,,-121.280,-121.280,False,nan,-149.300,163.34,319.93
1786972069.478,,0,,,,-122.500,-122.500,False,nan,-149.848,160.69,319.91
1786972069.853,,0,,,,-122.330,-122.330,False,nan,-151.974,150.29,319.86
1786972069.978,,0,,,,-122.210,-122.210,False,nan,-152.600,147.19,319.84
1786972070.103,,0,,,,-122.020,-122.020,False,nan,-152.818,146.10,319.82
1786972070.228,,0,,,,-121.860,-121.860,False,nan,-152.826,146.05,319.80
1786972070.403,,0,,,,-121.820,-121.820,False,nan,-152.770,146.31,319.76
1786972070.528,,0,,,,-121.940,-121.940,False,nan,-152.214,149.05,319.73
1786972070.653,,0,,,,-122.100,-122.100,False,nan,-150.990,155.05,319.71
1786972070.803,,0,,,,-122.360,-122.360,False,nan,-151.176,154.12,319.67
1786972070.903,,0,,,,-122.520,-122.520,False,nan,-150.797,155.96,319.65
1786972071.053,,0,,,,-122.630,-122.630,False,nan,-151.079,154.56,319.60
1786972071.128,,0,,,,-122.710,-122.710,False,nan,-151.189,154.01,319.57
1786972071.228,,0,,,,-122.740,-122.740,False,nan,-151.266,153.62,319.55
1786972071.403,,0,,,,-122.830,-122.830,False,nan,-152.069,149.66,319.51
1786972071.603,,0,,,,-122.770,-122.770,False,nan,-151.918,150.38,319.46
1786972071.903,,0,,,,-122.380,-122.380,False,nan,-152.012,149.89,319.39
1786972072.003,,0,,,,-122.230,-122.230,False,nan,-151.820,150.81,319.34
1786972072.078,,0,,,,-122.140,-122.140,False,nan,-151.512,152.30,319.31
1786972072.178,,0,,,,-122.010,-122.010,False,nan,-150.592,156.78,319.29
1786972072.703,,0,,,,-122.230,-122.230,False,nan,-148.411,167.17,319.12
1786972072.778,,0,,,,-122.260,-122.260,False,nan,-147.947,169.34,319.08
1786972072.928,,0,,,,-122.360,-122.360,False,nan,-148.166,168.27,319.03
1786972073.028,,0,,,,-122.320,-122.320,False,nan,-148.310,167.58,319.00
1786972078.953,,0,,,,-2.370,-7.180,True,0.436,23.666,126.77,315.82
1786972079.353,,0,,,,-2.570,-7.384,True,0.443,21.428,115.27,315.53
1786972081.028,,0,,,,-2.880,-7.701,True,0.454,10.880,59.30,314.20
1786972081.353,,0,,,,-2.780,-7.599,True,0.451,9.208,50.24,313.94
1786972081.503,,0,,,,-2.700,-7.517,True,0.448,8.288,45.23,313.80
1786972081.828,,0,,,,-2.730,-7.548,True,0.449,6.797,37.11,313.51
1786972082.103,,0,,,,-2.720,-7.537,True,0.448,5.670,30.95,313.29
1786972082.228,,0,,,,-2.710,-7.527,True,0.448,4.959,27.07,313.17
1786972082.328,,0,,,,-2.750,-7.568,True,0.450,4.285,23.39,313.05
1786972082.453,,0,,,,-2.820,-7.639,True,0.452,3.616,19.74,312.96
1786972082.628,,0,,,,-2.880,-7.701,True,0.454,2.447,13.36,312.79
1786972082.728,,0,,,,-2.820,-7.639,True,0.452,1.750,9.55,312.68
1786972082.978,,0,,,,-2.580,-7.394,True,0.444,0.592,3.23,312.46
1786972083.128,,0,,,,-2.550,-7.364,True,0.443,-0.222,1.21,312.31
1786972084.803,,0,,,,-25.750,-27.593,True,0.460,-12.447,66.94,310.56
1786972084.903,,0,,,,-39.000,-37.356,True,0.776,-3.498,18.94,310.46
1786972085.053,,0,,,,-70.430,-66.928,True,0.735,22.164,117.06,310.29
1786972085.203,,0,,,,-77.050,-74.461,True,0.551,44.812,218.57,310.12
1786972085.403,,0,,,,-79.150,-76.852,True,0.614,51.214,241.56,309.89
1786972106.628,,0,,,,-49.920,-46.353,True,0.756,13.421,65.91,283.98
1786972106.953,,0,,,,-50.000,-46.420,True,0.754,14.130,69.25,283.65
1786972107.328,,0,,,,-50.510,-46.852,True,0.743,14.489,70.86,283.23
1786972107.553,,0,,,,-50.970,-47.240,True,0.734,14.231,69.57,283.01
1786972107.903,,0,,,,-51.120,-47.367,True,0.730,13.941,68.10,282.66
1786972108.128,,0,,,,-50.260,-46.640,True,0.749,14.171,69.14,282.40
1786972108.228,,0,,,,-49.800,-46.251,True,0.759,14.119,68.86,282.29
1786972108.528,,0,,,,-47.790,-44.580,True,0.776,14.383,70.04,281.98
1786972108.703,,0,,,,-47.460,-44.309,True,0.776,15.065,73.25,281.81
1786972108.778,,0,,,,-47.530,-44.367,True,0.776,15.791,76.65,281.66
1786972109.478,,0,,,,-49.530,-46.023,True,0.764,17.388,83.94,280.88
1786972109.703,,0,,,,-49.880,-46.319,True,0.757,16.683,80.56,280.64
1786972113.453,,0,,,,-50.030,-46.446,True,0.754,-2.434,11.75,276.59
1786972114.128,,0,,,,-49.520,-46.015,True,0.765,-2.344,11.28,275.87
1786972114.228,,0,,,,-49.370,-45.888,True,0.768,-2.282,10.98,275.78
1786972114.278,,0,,,,-49.340,-45.862,True,0.768,-2.285,10.99,275.70
1786972114.428,,0,,,,-49.350,-45.871,True,0.768,-2.241,10.78,275.57
1786972114.628,,0,,,,-49.510,-46.006,True,0.765,-2.143,10.30,275.42
1786972114.703,,0,,,,-49.550,-46.040,True,0.764,-2.092,10.05,275.33
1786972114.753,,0,,,,-49.580,-46.065,True,0.763,-2.011,9.66,275.23
1786972115.128,,0,,,,-49.560,-46.048,True,0.764,-1.872,8.97,274.80
1786972115.203,,0,,,,-49.570,-46.057,True,0.763,-1.974,9.46,274.74
1786972115.278,,0,,,,-49.620,-46.099,True,0.762,-1.960,9.39,274.63
1786972115.428,,0,,,,-49.650,-46.125,True,0.762,-1.909,9.14,274.50
1786972115.603,,0,,,,-49.300,-45.829,True,0.769,-1.841,8.81,274.34
1786972115.703,,0,,,,-41.560,-39.460,True,0.776,-2.265,10.84,274.23
1786972116.203,,0,,,,-1.540,-6.333,True,0.409,-48.419,204.74,273.70
1786972116.303,,0,,,,-1.210,-5.965,True,0.404,-48.992,206.46,273.60
1786972119.078,,0,,,,-1.960,-6.762,True,0.423,-32.580,145.74,270.65
1786972119.228,,0,,,,-19.660,-22.911,True,0.502,-26.237,119.60,270.54
1786972119.353,,0,,,,-27.100,-28.567,True,0.494,-11.114,52.12,270.40
1786972119.503,,0,,,,-28.240,-29.390,True,0.525,-5.918,27.87,270.27
1786972119.653,,0,,,,-28.770,-29.772,True,0.539,-5.146,24.23,270.12
1786972119.803,,0,,,,-28.990,-29.931,True,0.545,-4.876,22.95,269.96
1786972119.928,,0,,,,-29.000,-29.938,True,0.545,-17.855,82.72,269.80
1786972123.103,,0,,,,-30.730,-31.187,True,0.593,-35.238,153.82,266.60
1786972123.302,,0,,,,-30.940,-31.338,True,0.599,-35.448,154.49,266.37
1786972123.502,,0,,,,-31.020,-31.396,True,0.601,-35.662,155.19,266.20
1786972123.627,,0,,,,-31.310,-31.605,True,0.610,-35.992,156.35,266.05
1786972123.777,,0,,,,-31.400,-31.670,True,0.612,-36.131,156.78,265.89
1786972123.928,,0,,,,-31.400,-31.670,True,0.612,-36.410,157.74,265.76
1786972124.027,,0,,,,-31.320,-31.613,True,0.610,-36.642,158.55,265.66
1786972124.202,,0,,,,-31.210,-31.533,True,0.607,-36.948,159.59,265.49
1786972124.327,,0,,,,-31.070,-31.432,True,0.603,-37.049,159.88,265.36
1786972124.402,,0,,,,-31.030,-31.403,True,0.602,-37.089,159.98,265.28
1786972124.602,,0,,,,-30.740,-31.194,True,0.593,-37.283,160.60,265.12
1786972124.702,,0,,,,-30.650,-31.129,True,0.591,-37.288,160.56,265.03
1786972124.802,,0,,,,-30.570,-31.071,True,0.589,-37.356,160.74,264.91
1786972124.952,,0,,,,-30.580,-31.079,True,0.589,-37.411,160.86,264.78
1786972125.052,,0,,,,-30.630,-31.115,True,0.590,-37.409,160.79,264.68
1786972125.202,,0,,,,-30.720,-31.180,True,0.593,-37.520,161.13,264.57
1786972125.302,,0,,,,-30.820,-31.252,True,0.596,-37.584,161.30,264.45
1786972125.502,,0,,,,-31.050,-31.418,True,0.602,-37.679,161.52,264.26
1786972125.652,,0,,,,-31.220,-31.540,True,0.607,-37.856,162.08,264.11
1786972125.702,,0,,,,-31.260,-31.569,True,0.608,-37.902,162.20,264.03
1786972125.802,,0,,,,-31.320,-31.613,True,0.610,-38.028,162.60,263.94
1786972125.927,,0,,,,-31.330,-31.620,True,0.610,-38.206,163.17,263.82
1786972126.052,,0,,,,-31.250,-31.562,True,0.608,-38.257,163.31,263.74
1786972126.227,,0,,,,-31.040,-31.411,True,0.602,-38.437,163.85,263.56
1786972126.377,,0,,,,-30.830,-31.259,True,0.596,-38.483,163.91,263.41
1786972126.502,,0,,,,-30.710,-31.172,True,0.593,-38.316,163.25,263.32
1786972126.602,,0,,,,-30.610,-31.100,True,0.590,-38.417,163.55,263.21
1786972126.977,,0,,,,-30.270,-30.855,True,0.580,-38.405,163.27,262.83
1786972127.202,,0,,,,-30.260,-30.848,True,0.580,-38.435,163.31,262.71
1786972127.252,,0,,,,-30.320,-30.891,True,0.582,-38.440,163.26,262.60
1786972127.352,,0,,,,-30.420,-30.963,True,0.584,-38.443,163.23,262.53
1786972127.452,,0,,,,-30.490,-31.014,True,0.586,-38.484,163.31,262.43
1786972127.527,,0,,,,-30.640,-31.122,True,0.591,-38.466,163.17,262.32
1786972127.702,,0,,,,-30.690,-31.158,True,0.592,-38.537,163.37,262.21
1786972127.827,,0,,,,-30.600,-31.093,True,0.590,-38.629,163.61,262.08
1786972127.952,,0,,,,-30.480,-31.006,True,0.586,-38.727,163.88,261.95
1786972128.127,,0,,,,-30.280,-30.862,True,0.581,-38.742,163.82,261.77
1786972128.277,,0,,,,-30.220,-30.819,True,0.579,-38.653,163.44,261.67
1786972128.477,,0,,,,-30.340,-30.905,True,0.582,-38.463,162.64,261.48
1786972128.602,,0,,,,-30.430,-30.970,True,0.585,-38.358,162.20,261.37
1786972128.727,,0,,,,-30.530,-31.042,True,0.588,-38.393,162.26,261.27
1786972128.802,,0,,,,-30.560,-31.064,True,0.588,-38.435,162.36,261.18
1786972128.902,,0,,,,-30.560,-31.064,True,0.588,-38.454,162.37,261.10
1786972129.052,,0,,,,-30.560,-31.064,True,0.588,-38.662,163.04,260.98
1786972129.177,,0,,,,-30.500,-31.021,True,0.587,-38.799,163.44,260.84
1786972129.302,,0,,,,-30.390,-30.941,True,0.584,-38.850,163.55,260.73
1786972129.402,,0,,,,-30.330,-30.898,True,0.582,-38.802,163.32,260.63
1786972129.552,,0,,,,-30.230,-30.826,True,0.579,-38.825,163.32,260.49
1786972129.702,,0,,,,-30.150,-30.768,True,0.577,-38.781,163.09,260.38
1786972129.802,,0,,,,-30.100,-30.732,True,0.576,-38.693,162.71,260.27
1786972130.002,,0,,,,-29.900,-30.588,True,0.570,-38.707,162.68,260.14
1786972130.077,,0,,,,-29.840,-30.544,True,0.568,-38.723,162.66,260.02
1786972130.202,,0,,,,-29.750,-30.479,True,0.566,-38.694,162.47,259.89
1786972130.327,,0,,,,-29.700,-30.443,True,0.564,-38.779,162.71,259.78
1786972130.477,,0,,,,-29.790,-30.508,True,0.567,-38.855,162.90,259.66
1786972130.652,,0,,,,-32.460,-32.435,True,0.642,-38.507,161.57,259.51
1786972130.802,,0,,,,-38.280,-36.764,True,0.776,-34.464,146.79,259.39
1786972130.877,,0,,,,-38.890,-37.265,True,0.776,-31.282,134.64,259.29
1786972131.002,,0,,,,-39.380,-37.668,True,0.776,-30.740,132.49,259.19
1786972131.202,,0,,,,-39.740,-37.964,True,0.776,-30.434,131.22,259.05
1786972131.227,,0,,,,-39.830,-38.038,True,0.776,-30.324,130.75,258.96
1786972131.402,,0,,,,-40.000,-38.178,True,0.776,-30.211,130.26,258.86
1786972134.452,,0,,,,-30.800,-31.237,True,0.595,-17.071,75.18,256.11
1786972134.552,,0,,,,-30.520,-31.035,True,0.587,-17.396,76.55,256.04
1786972134.627,,0,,,,-30.540,-31.050,True,0.588,-17.733,77.95,255.92
1786972134.777,,0,,,,-30.330,-30.898,True,0.582,-17.918,78.69,255.77
1786972137.877,,0,,,,-29.440,-30.256,True,0.557,-42.098,169.61,252.99
1786972138.002,,0,,,,-25.990,-27.766,True,0.466,-42.532,170.94,252.86
1786972138.127,,0,,,,-22.020,-24.798,True,0.436,-47.739,187.06,252.75
1786972138.252,,0,,,,-21.250,-24.183,True,0.457,-50.044,193.66,252.64
1786972138.427,,0,,,,-17.750,-21.384,True,0.559,-52.459,200.18,252.46
1786972138.527,,0,,,,-16.730,-20.568,True,0.591,-55.234,207.31,252.36
1786972138.752,,0,,,,-13.390,-17.897,True,0.697,-57.044,211.64,252.22
1786972138.902,,0,,,,-10.360,-15.333,True,0.749,-57.176,211.83,252.08
1786972138.927,,0,,,,-9.560,-14.517,True,0.715,-56.747,210.75,252.02
1786972139.152,,0,,,,-7.710,-12.629,True,0.639,-59.103,216.14,251.88
1786972139.252,,0,,,,-6.830,-11.731,True,0.604,-58.385,214.42,251.78
1786972139.402,,0,,,,-4.410,-9.262,True,0.510,-57.563,212.37,251.63
1786972139.577,,0,,,,-2.990,-7.813,True,0.458,-57.211,211.44,251.51
1786972139.677,,0,,,,-2.630,-7.445,True,0.445,-53.447,201.93,251.37
1786972139.802,,0,,,,-2.250,-7.058,True,0.432,-51.429,196.45,251.27
1786972139.927,,0,,,,-1.690,-6.486,True,0.414,-50.656,194.25,251.18
1786972140.102,,0,,,,-1.470,-6.262,True,0.407,-48.635,188.40,251.02
1786972140.252,,0,,,,-1.350,-6.139,True,0.403,-46.120,180.86,250.92
1786972140.277,,0,,,,-1.340,-6.129,True,0.402,-45.035,177.48,250.84
1786972140.402,,0,,,,-1.400,-6.190,True,0.404,-44.563,175.95,250.76
1786972140.502,,0,,,,-1.430,-6.221,True,0.405,-44.248,174.91,250.67
1786972140.677,,0,,,,-1.550,-6.343,True,0.409,-43.534,172.54,250.50
1786972140.877,,0,,,,-1.710,-6.507,True,0.414,-43.260,171.58,250.37
1786972141.002,,0,,,,-1.770,-6.568,True,0.416,-42.819,170.10,250.26
1786972150.577,,0,,,,-6.940,-11.843,True,0.608,-44.118,168.36,241.86
1786972150.677,,0,,,,-20.150,-23.303,True,0.488,-35.732,141.18,241.74
1786972150.802,,0,,,,-32.610,-32.544,True,0.647,-23.175,95.10,241.65
1786972151.002,,0,,,,-39.280,-37.586,True,0.776,-9.801,41.11,241.48
1786972151.102,,0,,,,-39.620,-37.865,True,0.776,-9.872,41.39,241.39
1786972151.327,,0,,,,-40.230,-38.367,True,0.776,-9.827,41.17,241.20
1786972152.252,,0,,,,-58.720,-53.792,True,0.573,-6.960,29.14,240.48
1786972152.377,,0,,,,-76.320,-73.631,True,0.570,16.692,69.03,240.33
1786972152.577,,0,,,,-82.900,-81.120,True,0.828,33.619,132.98,240.17
1786972152.702,,0,,,,-83.480,-81.780,True,0.862,35.083,137.99,240.08
1786972162.552,,0,,,,-109.760,-109.760,False,nan,49.605,176.91,232.28
1786972165.602,,0,,,,-109.900,-109.900,False,nan,58.692,196.39,229.86
1786972165.702,,0,,,,-109.900,-109.900,False,nan,59.382,197.75,229.78
1786972165.802,,0,,,,-109.860,-109.860,False,nan,59.647,198.22,229.70
1786972165.927,,0,,,,-109.830,-109.830,False,nan,59.987,198.80,229.59
1786972166.102,,0,,,,-109.810,-109.810,False,nan,60.457,199.66,229.50
1786972166.202,,0,,,,-109.750,-109.750,False,nan,60.807,200.30,229.44
1786972166.302,,0,,,,-109.720,-109.720,False,nan,61.017,200.61,229.33
